
 17

((((((((Brazi@1982: 0.001413, (ElSal@1983: 0.000705, NewCal@1984: 0.000004): 0.000004): 0.000004, Mexico@1984: 0.004297): 0.000718, ElSal@1994: 0.010241): 0.000004, (PRico@1986: 0.006691, Tahiti@1985: 0.008957): 0.001268): 0.000662, Tahiti@1979: 0.002160): 0.006012, Indon@1977: 0.002796): 0.000988, Indon@1976: 0.003388): 0.046063, (((Philip@1964: 0.002204, Philip@1984: 0.019994): 0.003908, Philip@1956: 0.003427): 0.009378, (SLanka@1978: 0.015015, (Thai@1978: 0.004589, Thai@1984: 0.014589): 0.016129): 0.016449): 0.003365, Thai@1963: 0.047552);

  0.046063  0.000988  0.006012  0.000662  0.000004  0.000718  0.000004  0.001413  0.000004  0.000705  0.000004  0.004297  0.010241  0.001268  0.006691  0.008957  0.002160  0.002796  0.003388  0.003365  0.009378  0.003908  0.002204  0.019994  0.003427  0.016449  0.015015  0.016129  0.004589  0.014589  0.047552

  0.007615 -0.024590 -0.007558 -0.359700 -541.244460 -0.362986 -1399.588566 -0.099552 -1422.500284 -0.393681 -1422.694242 -0.008545  0.000000 -0.059736  0.000000  0.000000 -0.040964 -0.016732 -0.011090  0.000000  0.000000 -0.008620 -0.026972  0.000000 -0.008642  0.000000  0.000000  0.000000 -0.012722 -0.005414  0.000000


Hessian

 -1.692e+004      -1725       1576       5998       4406       6248       1811      -8544       1738       7008       1738       1586     -809.2       6158       4000       4612       5711       1064       2355      -9431     -172.7      -3281      -4206      949.7       3025     -207.1       2523     -667.7      -1243      -2925       1814
      -1725 -6.907e+005      -2856       6614       4828       6937       1857       6656       1772       7838       1772       7573       6899       7318       6926       7005       7641 -1.76e+004 -1.776e+005 -1.349e+004       6695       7688       8040       4759       5547       6961       7741       7544       7956       7810      -3611
       1576      -2856 -2.139e+005 -1.014e+004      -4355       6882       2166       7090       2087       8076       2086       7870       7211       7508       7138       6032       5192      -3998       2707       6900       7196       7160       7353      -1730       6762       5663      -3355      -3238       6977       7209       6005
       5998       6614 -1.014e+004 -1.874e+006 -1.141e+006 -2.957e+004       1976       7487       2390       8476       2392       8315       5076       4507       2400 -1.419e+005 -5.357e+004       7153       6283       6910       6862       6305       6054 -6.103e+004       7113       6605       6073       6602       6940       6882       5408
       4406       4828      -4355 -1.141e+006 -6.971e+005 -6.986e+004     -963.3       5107     -13.47       6092     -8.862       5960       3484      872.6       2022 -8.584e+004 -2.138e+004       5351       4394       5145       5046       4535       4516 -3.644e+004       5190       4821       5127       4926       4984       4990       4296
       6248       6937       6882 -2.957e+004 -6.986e+004 -1.932e+006 -2.652e+004       5664      418.7       6651      564.6       6473       6664       6722       6591       3933       6564       7410       6415       7150       7041       6940       7155       5608       7210       6800       7096       6891       7025       6984       6130
       1811       1857       2166       1976     -963.3 -2.652e+004      -4023       1404      -3715       2394      -3714       1567       1772       1920       1671       1838       2350       2347       1358       2196       2078       1903       2101       2067       2156       1945       2219       2029       1991       2056       1703
      -8544       6656       7090       7487       5107       5664       1404 -9.953e+005       1296       7417       1343       7260       6634       6914       6582       6756       7337       7312       6262       5312       7336       7378       7606       7349       7635       7141       7502       7298       7450       7397       6316
       1738       1772       2087       2390     -13.47      418.7      -3715       1296      -3787       2296      -3787       2225       1691       1840       1589       1794       2278       2263       1274       2116       1995       1819       2018       2045       2072       1865       2138       1948       1909       2010       1642
       7008       7838       8076       8476       6092       6651       2394       7417       2296 -2.004e+006       2295       8247       7610       7906       7565       7734       8330       8306       7307       7907       7789       7841       8071       7792       8101       3748       3596 -7.523e+004       2329       5383       6886
       1738       1772       2086       2392     -8.862      564.6      -3714       1343      -3787       2295      -3788       2229       1690       1839       1588       1794       2277       2262       1273       2115       1995       1819       2017       2045       2071       1864       2137       1947       1909       2009       1641
       1586       7573       7870       8315       5960       6473       1567       7260       2225       8247       2229 -3.19e+005       7391       7720       7354       7519       8129       8110       7099       5750       7385       7268       7283 -1.597e+004       7742       7143       7517       7102       6714      -8318       1397
     -809.2       6899       7211       5076       3484       6664       1772       6634       1691       7610       1690       7391 -1.271e+005       7035       6710       6702       7381       7444       6461      244.3       2558 -1.517e+004       5538       1889       5387      -5452       3979       1853 -1.206e+004      -6964       1168
       6158       7318       7508       4507      872.6       6722       1920       6914       1840       7906       1839       7720       7035 -9.03e+005 -2.726e+004 -1.653e+004       7725       7784       6783       7347       6985       6155       6825 -2.501e+004       7005       6909       6904       6913       7359       7248       6065
       4000       6926       7138       2400       2022       6591       1671       6582       1589       7565       1588       7354       6710 -2.726e+004 -1.934e+005       4381       7301       7413       6429       6602       6495 -1.602e+004       5422       5187      -8531       5716      -5721      595.3       6682       6801       4796
       4612       7005       6032 -1.419e+005 -8.584e+004       3933       1838       6756       1794       7734       1794       7519       6702 -1.653e+004       4381 -1.432e+005       4014       7488       6524       6069      -8909       6527       7016      466.6       6811       2550       6836       6703       7123       7025       2247
       5711       7641       5192 -5.357e+004 -2.138e+004       6564       2350       7337       2278       8330       2277       8129       7381       7725       7301       4014 -6.245e+005       8121       7148       3655       5055       7643       7919       5869       7907       5030 -1.873e+004       3953       7493       7524 -1.116e+004
       1064 -1.76e+004      -3998       7153       5351       7410       2347       7312       2263       8306       2262       8110       7444       7784       7413       7488       8121 -4.599e+005 -1.258e+004       6563       6091       3176       7487      -9885 -8.905e+004       7478       7820       7634       7993       7869       6391
       2355 -1.776e+005       2707       6283       4394       6415       1358       6262       1274       7307       1273       7099       6461       6783       6429       6524       7148 -1.258e+004 -3.35e+005       2163       6641       6711       6879      -7188       6525       6494       6876       6679       6938       6842       3671
      -9431 -1.349e+004       6900       6910       5145       7150       2196       5312       2116       7907       2115       5750      244.3       7347       6602       6069       3655       6563       2163 -9.013e+004 -1.175e+004       2445       3172      -2163       4540       1550      -1716      -6824 -2.88e+004      -2833      -9438
     -172.7       6695       7196       6862       5046       7041       2078       7336       1995       7789       1995       7385       2558       6985       6495      -8909       5055       6091       6641 -1.175e+004 -8.852e+004       2790       3891      -1876       1602      -7383       -334      -1241       4150       6160     -27.86
      -3281       7688       7160       6305       4535       6940       1903       7378       1819       7841       1819       7268 -1.517e+004       6155 -1.602e+004       6527       7643       3176       6711       2445       2790 -2.752e+005 -3.759e+004       3346 -4.267e+004       3213       1826 -1.427e+004       2613 -2.027e+004     -483.9
      -4206       8040       7353       6054       4516       7155       2101       7606       2018       8071       2017       7283       5538       6825       5422       7016       7919       7487       6879       3172       3891 -3.759e+004 -5.227e+005     -589.7       1295       5093       5081 -1.896e+004       5101       4374      -2417
      949.7       4759      -1730 -6.103e+004 -3.644e+004       5608       2067       7349       2045       7792       2045 -1.597e+004       1889 -2.501e+004       5187      466.6       5869      -9885      -7188      -2163      -1876       3346     -589.7 -5.786e+004       5602       5532       1333      -1212      -2260       5990       3009
       3025       5547       6762       7113       5190       7210       2156       7635       2072       8101       2071       7742       5387       7005      -8531       6811       7907 -8.905e+004       6525       4540       1602 -4.267e+004       1295       5602 -3.315e+005       4931       4338       1834       6319       1622      -1668
     -207.1       6961       5663       6605       4821       6800       1945       7141       1865       3748       1864       7143      -5452       6909       5716       2550       5030       7478       6494       1550      -7383       3213       5093       5532       4931 -5.378e+004      -2082      892.3       1267      -3030       2065
       2523       7741      -3355       6073       5127       7096       2219       7502       2138       3596       2137       7517       3979       6904      -5721       6836 -1.873e+004       7820       6876      -1716       -334       1826       5081       1333       4338      -2082 -6.103e+004      -6699      -1429      63.04      -1046
     -667.7       7544      -3238       6602       4926       6891       2029       7298       1948 -7.523e+004       1947       7102       1853       6913      595.3       6703       3953       7634       6679      -6824      -1241 -1.427e+004 -1.896e+004      -1212       1834      892.3      -6699 -5.587e+004 -1.037e+004       2683       1761
      -1243       7956       6977       6940       4984       7025       1991       7450       1909       2329       1909       6714 -1.206e+004       7359       6682       7123       7493       7993       6938 -2.88e+004       4150       2613       5101      -2260       6319       1267      -1429 -1.037e+004 -2.045e+005 -2.262e+004       2732
      -2925       7810       7209       6882       4990       6984       2056       7397       2010       5383       2009      -8318      -6964       7248       6801       7025       7524       7869       6842      -2833       6160 -2.027e+004       4374       5990       1622      -3030      63.04       2683 -2.262e+004 -7.546e+004     -182.3
       1814      -3611       6005       5408       4296       6130       1703       6316       1642       6886       1641       1397       1168       6065       4796       2247 -1.116e+004       6391       3671      -9438     -27.86     -483.9      -2417       3009      -1668       2065      -1046       1761       2732     -182.3 -1.645e+004
