
 23

((Cyprinus_carpio: 0.085903, (Polymixia_japonica: 0.086702, Tetraodon_nigroviridis: 0.095954): 0.033191): 0.040825, (Protopterus_aethiopicus: 0.282629, (Xenopus_tropicalis: 0.158187, (Struthio_camelus: 0.271286, (Ornithorhynchus_anatinus: 0.226939, Homo_sapiens: 0.314743): 0.150377): 0.045701): 0.024519): 0.019264, (((Plesiobatis_daviesi: 0.120372, (Amblyraja_radiata: 0.051324, Okamejei_kenojei: 0.034566): 0.049401): 0.029547, (Squalus_acanthias: 0.072535, (Heterodontus_francisci: 0.057116, (Scyliorhinus_canicula: 0.078235, Mustelus_manazo: 0.052185): 0.031597): 0.020156): 0.024258): 0.057200, ((Callorhinchus_callorynchus: 0.003407, (Callorhinchus_milii: 0.002761, Callorhinchus_capensis: 0.001394): 0.001613): 0.091882, ((Hariotta_raleighana: 0.029138, Rhinochimaera_pacifica: 0.026825): 0.044076, (Hydrolagus_lemures: 0.052741, (Chimaera_sp: 0.027551, Chimaera_monstrosa: 0.020770): 0.024641): 0.028262): 0.017794): 0.148621): 0.028267);

  0.040825  0.085903  0.033191  0.086702  0.095954  0.019264  0.282629  0.024519  0.158187  0.045701  0.271286  0.150377  0.226939  0.314743  0.028267  0.057200  0.029547  0.120372  0.049401  0.051324  0.034566  0.024258  0.072535  0.020156  0.057116  0.031597  0.078235  0.052185  0.148621  0.091882  0.003407  0.001613  0.002761  0.001394  0.017794  0.044076  0.029138  0.026825  0.028262  0.052741  0.024641  0.027551  0.020770

  0.000000  0.000000  0.000000  0.000000  0.000000  0.000000  0.000000  0.000000  0.000000  0.000000  0.000000  0.000000  0.000000  0.000000  0.000000  0.000000  0.000000  0.000000  0.000000  0.000000  0.000000  0.000000  0.000000  0.000000  0.000000  0.000000  0.000000  0.000000  0.000000  0.000000 -0.025860 -0.085573 -0.061567 -0.241898  0.000000  0.000000  0.000000  0.000000  0.000000  0.000000  0.000000  0.000000  0.000000


Hessian

  -2.4e+04  -2.8e+03    -2e+03  -9.5e+02  -7.6e+02  -2.2e+03  -2.6e+02  -1.9e+03  -6.7e+02  -7.6e+02   2.4e+02   2.1e+02   5.4e+02   4.2e+02    -5e+03  -1.5e+03   4.6e+02   6.9e+02   6.2e+02   4.7e+02   1.6e+03  -6.7e+02       -37  -3.3e+02   2.1e+03   4.8e+02   6.9e+02   1.6e+03       9.4   1.4e+03  -6.6e+02     2e+03   2.7e+03   4.8e+03   7.2e+02   1.4e+03   1.4e+03   2.2e+03   1.7e+03   1.2e+03   1.3e+03     1e+03   1.1e+03
  -2.8e+03  -1.8e+04  -3.8e+03  -1.2e+03  -8.5e+02    -6e+02   4.5e+02        55  -3.7e+02   6.8e+02   4.6e+02   4.7e+02        80   3.5e+02  -8.2e+02  -1.5e+02   1.8e+03   4.8e+02     8e+02     7e+02   2.1e+03  -1.4e+02   9.6e+02  -1.7e+03   1.3e+03   1.2e+03   4.2e+02   8.2e+02   5.8e+02   7.8e+02  -1.5e+03   4.1e+03   4.7e+03  -2.6e+03   1.1e+02   1.2e+03   3.3e+02   2.5e+03   1.5e+02   8.6e+02   2.4e+03        51   1.1e+02
    -2e+03  -3.8e+03  -3.5e+04  -2.5e+03  -1.6e+03  -1.8e+02        94   7.6e+02        27        70   1.5e+02   4.9e+02       -19   3.2e+02  -6.5e+02        63  -2.8e+02   1.8e+02  -2.7e+02   1.7e+03   1.6e+03   3.2e+02   7.2e+02   9.3e+02   1.2e+03   3.7e+02       8.1    -5e+02   1.5e+02   9.6e+02    -7e+03  -6.6e+03  -5.2e+03   6.1e+03  -1.5e+03   1.3e+03   7.3e+02   9.5e+02  -2.4e+02   1.4e+02   1.8e+03   1.5e+03  -2.1e+02
  -9.5e+02  -1.2e+03  -2.5e+03  -1.6e+04  -2.2e+03   7.5e+02   2.9e+02    -4e+02   1.5e+02   6.1e+02   5.2e+02   2.4e+02   1.7e+02   2.7e+02   3.2e+02   3.9e+02   9.5e+02   3.9e+02   7.1e+02    -1e+03    -7e+02   1.6e+03  -5.4e+02  -4.8e+02   8.4e+02   5.9e+02  -5.9e+02  -7.3e+02   8.2e+02   1.2e+03   9.8e+02  -4.7e+03  -3.5e+02   6.7e+03   8.8e+02   2.4e+02     1e+03   1.6e+03        96   6.1e+02       -74   1.5e+02   7.4e+02
  -7.6e+02  -8.5e+02  -1.6e+03  -2.2e+03  -1.6e+04  -4.1e+02       -18  -5.3e+02       -58  -2.6e+02  -2.7e+02   2.2e+02   4.2e+02   5.4e+02        74   1.2e+03   1.6e+02  -3.2e+02   8.1e+02   8.5e+02   4.5e+02   9.9e+02   7.5e+02   1.3e+03   4.3e+02     7e+02     3e+02   3.2e+02   4.4e+02   9.1e+02   2.5e+03   3.3e+03   5.2e+03   6.9e+03   1.1e+03   5.4e+02   1.7e+03       -95   1.1e+03   1.2e+03   1.8e+03   5.4e+02   1.3e+03
  -2.2e+03    -6e+02  -1.8e+02   7.5e+02  -4.1e+02    -3e+04  -1.1e+03  -7.3e+03  -2.4e+03    -7e+02  -1.9e+02    -6e+02   1.9e+02   1.9e+02  -7.3e+02       -71  -8.1e+02   1.1e+02   9.9e+02   1.1e+03     1e+03   5.9e+02   1.8e+03   5.4e+02   1.7e+03     1e+03   1.6e+03   2.1e+03  -3.4e+02  -1.1e+02   2.9e+03   3.6e+03     6e+03     5e+03  -1.9e+02   1.7e+03   2.7e+03   2.7e+03   1.9e+03   1.8e+03   2.4e+03   5.1e+02  -6.4e+02
  -2.6e+02   4.5e+02        94   2.9e+02       -18  -1.1e+03  -3.5e+03   3.1e+02   1.4e+02        45   1.6e+02        79        68   1.1e+02  -1.2e+02  -1.1e+02   4.6e+02   3.7e+02   3.1e+02   4.4e+02   6.3e+02   5.7e+02   7.9e+02  -1.4e+02     5e+02   3.8e+02   5.4e+02   5.1e+02   1.3e+02   6.8e+02   9.9e+02   1.2e+03   6.8e+02   9.3e+02   4.1e+02     5e+02   1.1e+03   5.3e+02   3.9e+02     1e+03   8.3e+02  -4.1e+02   6.2e+02
  -1.9e+03        55   7.6e+02    -4e+02  -5.3e+02  -7.3e+03   3.1e+02  -2.2e+04  -3.4e+03  -1.5e+03  -3.3e+02  -2.4e+02   1.5e+02   1.1e+02  -2.5e+02   1.1e+02   6.9e+02   1.6e+02   8.2e+02   7.7e+02   1.7e+02   5.5e+02     1e+03    -1e+02   2.1e+03   1.4e+03   1.1e+03   1.6e+03        45       -81   4.1e+03   5.2e+03   6.5e+03   5.4e+03  -1.2e+02   6.9e+02   3.7e+02   2.2e+03   1.2e+03     1e+03   2.3e+03     5e+02  -2.1e+03
  -6.7e+02  -3.7e+02        27   1.5e+02       -58  -2.4e+03   1.4e+02  -3.4e+03  -7.2e+03        43        88   1.3e+02        53   1.4e+02   1.2e+02   3.5e+02   8.3e+02        74   3.9e+02   1.3e+03   3.2e+02   1.3e+03   5.3e+02     1e+02   8.4e+02   7.1e+02   2.9e+02   1.3e+03   1.4e+02   3.8e+02   1.2e+03   3.5e+03   5.9e+03     5e+03  -1.6e+02   5.7e+02   5.6e+02   1.1e+03   1.2e+03   1.2e+03   2.1e+03   4.4e+02       -94
  -7.6e+02   6.8e+02        70   6.1e+02  -2.6e+02    -7e+02        45  -1.5e+03        43  -9.9e+03  -1.6e+03  -1.2e+03  -3.7e+02  -1.2e+02        85        77     3e+02   4.1e+02   4.7e+02   1.1e+03   4.3e+02   1.1e+02   1.4e+03   9.1e+02   7.5e+02   2.6e+02   7.8e+02   9.6e+02   3.6e+02   6.5e+02   2.3e+03   3.2e+03   4.3e+03   3.4e+03   1.2e+03   4.6e+02   1.1e+03   1.1e+03   1.3e+03   1.6e+03   1.6e+03     1e+03   1.1e+03
   2.4e+02   4.6e+02   1.5e+02   5.2e+02  -2.7e+02  -1.9e+02   1.6e+02  -3.3e+02        88  -1.6e+03  -3.3e+03        73       -13       -17   1.4e+02   4.8e+02   3.2e+02   2.7e+02     3e+02   7.1e+02   2.6e+02   7.3e+02   7.6e+02     6e+02     1e+03        33     4e+02   4.7e+02   3.5e+02   3.5e+02   2.8e+02  -1.6e+02   2.6e+03     3e+03     6e+02   5.4e+02   7.2e+02   3.1e+02   1.1e+03     8e+02   1.5e+03   3.6e+02   5.3e+02
   2.1e+02   4.7e+02   4.9e+02   2.4e+02   2.2e+02    -6e+02        79  -2.4e+02   1.3e+02  -1.2e+03        73  -3.8e+03  -6.3e+02  -2.3e+02   2.8e+02      0.71   3.7e+02   2.9e+02   2.8e+02     7e+02  -1.8e+02   1.9e+02   5.9e+02   1.4e+02   2.8e+02   6.1e+02   4.8e+02   6.8e+02   1.2e+02     4e+02   8.4e+02   1.8e+03   2.3e+03  -4.3e+02   1.8e+02   4.9e+02   3.9e+02   6.4e+02   6.6e+02   1.4e+03   6.7e+02   8.6e+02   1.1e+03
   5.4e+02        80       -19   1.7e+02   4.2e+02   1.9e+02        68   1.5e+02        53  -3.7e+02       -13  -6.3e+02  -2.9e+03  -2.3e+02   4.2e+02   5.4e+02   2.3e+02   3.2e+02        30   8.1e+02   2.4e+02   5.2e+02     6e+02   4.7e+02     4e+02   7.2e+02     5e+02   6.1e+02   2.2e+02   5.9e+02  -4.1e+02   3.1e+02   2.6e+03  -1.3e+03  -1.3e+02   4.1e+02   4.9e+02        31   4.1e+02   7.3e+02   6.9e+02   9.4e+02   5.7e+02
   4.2e+02   3.5e+02   3.2e+02   2.7e+02   5.4e+02   1.9e+02   1.1e+02   1.1e+02   1.4e+02  -1.2e+02       -17  -2.3e+02  -2.3e+02  -2.3e+03     4e+02   1.5e+02   4.8e+02   1.4e+02   4.7e+02   8.2e+02   3.8e+02   6.9e+02   6.6e+02   4.1e+02   6.7e+02   5.9e+02   5.1e+02   3.2e+02   2.4e+02   6.3e+02   1.1e+03   6.7e+02   1.9e+03   1.6e+03   4.6e+02   4.3e+02   5.6e+02   5.2e+02   7.1e+02   4.5e+02   8.1e+02        93   7.5e+02
    -5e+03  -8.2e+02  -6.5e+02   3.2e+02        74  -7.3e+02  -1.2e+02  -2.5e+02   1.2e+02        85   1.4e+02   2.8e+02   4.2e+02     4e+02  -2.6e+04  -5.6e+03  -3.5e+02      -1.8  -1.2e+03   1.8e+03   5.2e+02  -1.6e+03   5.2e+02   1.1e+03   1.9e+03  -1.9e+02   1.1e+03   1.9e+02  -7.8e+02   3.8e+02  -4.6e+03     3e+03   4.4e+03  -1.3e+03   1.9e+02   3.4e+02   2.5e+03   2.3e+03   1.1e+03    -2e+02   2.3e+03   1.2e+03   8.2e+02
  -1.5e+03  -1.5e+02        63   3.9e+02   1.2e+03       -71  -1.1e+02   1.1e+02   3.5e+02        77   4.8e+02      0.71   5.4e+02   1.5e+02  -5.6e+03    -2e+04  -8.8e+02        77   2.3e+02   1.7e+03   6.7e+02  -3.3e+03   6.2e+02  -2.5e+02  -1.6e+02  -5.5e+02   8.2e+02  -3.1e+02  -2.1e+02   4.7e+02   4.5e+03   5.4e+03  -2.1e+03   9.1e+02   4.3e+02   5.1e+02   2.4e+03   1.6e+03   1.1e+03   1.1e+03       -57   2.1e+03    -3e+02
   4.6e+02   1.8e+03  -2.8e+02   9.5e+02   1.6e+02  -8.1e+02   4.6e+02   6.9e+02   8.3e+02     3e+02   3.2e+02   3.7e+02   2.3e+02   4.8e+02  -3.5e+02  -8.8e+02  -3.8e+04  -1.2e+03  -6.3e+03  -4.7e+02  -1.7e+03  -8.8e+03    -2e+02  -2.5e+03   1.2e+02  -2.4e+02    -1e+02     3e+02  -2.7e+02        98   4.2e+03  -9.6e+03   4.8e+03     5e+03   5.2e+02   2.2e+02   1.1e+03  -2.4e+03   3.4e+02  -3.1e+02   1.6e+03   3.1e+03   1.4e+03
   6.9e+02   4.8e+02   1.8e+02   3.9e+02  -3.2e+02   1.1e+02   3.7e+02   1.6e+02        74   4.1e+02   2.7e+02   2.9e+02   3.2e+02   1.4e+02      -1.8        77  -1.2e+03  -1.3e+04  -1.2e+03   8.8e+02       -67    -5e+02   3.6e+02  -1.6e+02  -3.7e+02       -75   3.3e+02   1.7e+02   2.2e+02   1.5e+02  -1.6e+03  -6.9e+02   2.4e+03  -7.1e+03   7.1e+02   1.4e+03   7.7e+02   9.5e+02   8.6e+02   7.7e+02   3.4e+02   3.2e+02   1.7e+03
   6.2e+02     8e+02  -2.7e+02   7.1e+02   8.1e+02   9.9e+02   3.1e+02   8.2e+02   3.9e+02   4.7e+02     3e+02   2.8e+02        30   4.7e+02  -1.2e+03   2.3e+02  -6.3e+03  -1.2e+03  -2.9e+04    -2e+02  -2.5e+03  -3.6e+03   5.5e+02        33  -2.9e+02        56    -5e+02  -9.5e+02   2.8e+02     4e+02   5.9e+03   4.3e+03  -3.2e+02   6.6e+02   3.8e+02   1.3e+03   1.3e+03   1.8e+03   4.1e+02     1e+03   6.8e+02   1.6e+03   1.4e+03
   4.7e+02     7e+02   1.7e+03    -1e+03   8.5e+02   1.1e+03   4.4e+02   7.7e+02   1.3e+03   1.1e+03   7.1e+02     7e+02   8.1e+02   8.2e+02   1.8e+03   1.7e+03  -4.7e+02   8.8e+02    -2e+02  -3.9e+04  -1.3e+04   3.2e+02  -7.8e+02  -1.8e+03  -1.4e+03  -7.3e+02  -1.3e+02  -5.3e+02   1.5e+03  -1.4e+03   7.3e+03  -6.9e+02  -4.8e+02   7.9e+03  -8.4e+02   1.1e+02  -1.1e+02   2.6e+02  -1.3e+03   1.2e+03   1.4e+02       -42   3.7e+03
   1.6e+03   2.1e+03   1.6e+03    -7e+02   4.5e+02     1e+03   6.3e+02   1.7e+02   3.2e+02   4.3e+02   2.6e+02  -1.8e+02   2.4e+02   3.8e+02   5.2e+02   6.7e+02  -1.7e+03       -67  -2.5e+03  -1.3e+04  -5.3e+04  -1.9e+03  -1.1e+03  -1.3e+03   6.9e+02  -1.4e+02   1.2e+03   1.9e+03   1.5e+03       -76   6.2e+03   6.1e+03     8e+03   7.9e+03   1.9e+02   1.1e+03    -3e+02  -1.2e+03   1.4e+03   9.7e+02   1.8e+02   8.8e+02   4.7e+03
  -6.7e+02  -1.4e+02   3.2e+02   1.6e+03   9.9e+02   5.9e+02   5.7e+02   5.5e+02   1.3e+03   1.1e+02   7.3e+02   1.9e+02   5.2e+02   6.9e+02  -1.6e+03  -3.3e+03  -8.8e+03    -5e+02  -3.6e+03   3.2e+02  -1.9e+03  -4.1e+04  -1.7e+03  -4.5e+03    -1e+03  -7.8e+02    -2e+03  -1.3e+03     4e+02   3.7e+02   5.5e+03     5e+03   2.5e+03   1.4e+03   1.4e+03   1.2e+03   1.8e+03     7e+02        60    -7e+02   1.2e+02   2.4e+03  -1.5e+03
       -37   9.6e+02   7.2e+02  -5.4e+02   7.5e+02   1.8e+03   7.9e+02     1e+03   5.3e+02   1.4e+03   7.6e+02   5.9e+02     6e+02   6.6e+02   5.2e+02   6.2e+02    -2e+02   3.6e+02   5.5e+02  -7.8e+02  -1.1e+03  -1.7e+03  -2.4e+04  -5.2e+03    -1e+03  -4.4e+02  -1.9e+03  -1.7e+03   8.3e+02  -7.7e+02    -2e+03   4.7e+03       -59   3.3e+03  -2.5e+02   8.3e+02   1.9e+03    -2e+03   5.7e+02  -3.5e+02  -1.4e+02        78   1.2e+03
  -3.3e+02  -1.7e+03   9.3e+02  -4.8e+02   1.3e+03   5.4e+02  -1.4e+02    -1e+02     1e+02   9.1e+02     6e+02   1.4e+02   4.7e+02   4.1e+02   1.1e+03  -2.5e+02  -2.5e+03  -1.6e+02        33  -1.8e+03  -1.3e+03  -4.5e+03  -5.2e+03    -6e+04  -4.2e+03  -2.3e+03  -3.9e+02  -4.9e+02   1.3e+03     1e+03  -3.2e+03   6.3e+03   8.3e+03   5.7e+03     2e+03   2.5e+03   2.6e+03   4.7e+03   2.8e+03        65   1.6e+03   4.2e+03   2.3e+03
   2.1e+03   1.3e+03   1.2e+03   8.4e+02   4.3e+02   1.7e+03     5e+02   2.1e+03   8.4e+02   7.5e+02     1e+03   2.8e+02     4e+02   6.7e+02   1.9e+03  -1.6e+02   1.2e+02  -3.7e+02  -2.9e+02  -1.4e+03   6.9e+02    -1e+03    -1e+03  -4.2e+03  -3.1e+04  -3.5e+03  -4.9e+02  -1.5e+02   4.3e+02  -2.1e+02     3e+03   6.7e+03  -2.8e+03  -7.8e+03  -8.3e+02   1.4e+03   2.4e+03   1.5e+03  -9.9e+02  -2.8e+02        18  -1.6e+03  -4.7e+02
   4.8e+02   1.2e+03   3.7e+02   5.9e+02     7e+02     1e+03   3.8e+02   1.4e+03   7.1e+02   2.6e+02        33   6.1e+02   7.2e+02   5.9e+02  -1.9e+02  -5.5e+02  -2.4e+02       -75        56  -7.3e+02  -1.4e+02  -7.8e+02  -4.4e+02  -2.3e+03  -3.5e+03  -4.3e+04  -1.1e+03  -4.1e+03   3.4e+02  -7.5e+02        84   5.6e+03   7.8e+03  -4.7e+02  -5.6e+02   5.8e+02     2e+03   6.7e+02   3.4e+02        96   1.1e+03  -1.7e+03  -8.2e+02
   6.9e+02   4.2e+02       8.1  -5.9e+02     3e+02   1.6e+03   5.4e+02   1.1e+03   2.9e+02   7.8e+02     4e+02   4.8e+02     5e+02   5.1e+02   1.1e+03   8.2e+02    -1e+02   3.3e+02    -5e+02  -1.3e+02   1.2e+03    -2e+03  -1.9e+03  -3.9e+02  -4.9e+02  -1.1e+03  -2.3e+04  -2.8e+03   3.7e+02       -97   6.5e+03   7.1e+03     2e+03   7.1e+03  -5.4e+02  -3.1e+02   2.5e+03   2.2e+02   9.5e+02   1.8e+03  -9.8e+02  -7.6e+02  -8.9e+02
   1.6e+03   8.2e+02    -5e+02  -7.3e+02   3.2e+02   2.1e+03   5.1e+02   1.6e+03   1.3e+03   9.6e+02   4.7e+02   6.8e+02   6.1e+02   3.2e+02   1.9e+02  -3.1e+02     3e+02   1.7e+02  -9.5e+02  -5.3e+02   1.9e+03  -1.3e+03  -1.7e+03  -4.9e+02  -1.5e+02  -4.1e+03  -2.8e+03  -3.2e+04  -2.7e+02  -8.2e+02       -73  -5.6e+03   4.2e+03   7.6e+03  -8.8e+02   3.1e+02   3.2e+03   1.1e+03   9.7e+02   1.6e+03   5.5e+02   1.2e+03   1.6e+03
       9.4   5.8e+02   1.5e+02   8.2e+02   4.4e+02  -3.4e+02   1.3e+02        45   1.4e+02   3.6e+02   3.5e+02   1.2e+02   2.2e+02   2.4e+02  -7.8e+02  -2.1e+02  -2.7e+02   2.2e+02   2.8e+02   1.5e+03   1.5e+03     4e+02   8.3e+02   1.3e+03   4.3e+02   3.4e+02   3.7e+02  -2.7e+02  -8.1e+03   2.5e+02   4.5e+03   4.9e+03   2.5e+03   3.6e+03  -2.2e+03  -6.2e+02   8.8e+02   9.7e+02   2.1e+02  -3.4e+02  -3.5e+02       -11   7.4e+02
   1.4e+03   7.8e+02   9.6e+02   1.2e+03   9.1e+02  -1.1e+02   6.8e+02       -81   3.8e+02   6.5e+02   3.5e+02     4e+02   5.9e+02   6.3e+02   3.8e+02   4.7e+02        98   1.5e+02     4e+02  -1.4e+03       -76   3.7e+02  -7.7e+02     1e+03  -2.1e+02  -7.5e+02       -97  -8.2e+02   2.5e+02  -1.6e+04   4.9e+03   2.5e+03  -1.7e+02   1.6e+03  -9.8e+03  -8.8e+02  -3.2e+02  -4.7e+02  -1.8e+03    -1e+03  -1.5e+03  -1.8e+03    -8e+02
  -6.6e+02  -1.5e+03    -7e+03   9.8e+02   2.5e+03   2.9e+03   9.9e+02   4.1e+03   1.2e+03   2.3e+03   2.8e+02   8.4e+02  -4.1e+02   1.1e+03  -4.6e+03   4.5e+03   4.2e+03  -1.6e+03   5.9e+03   7.3e+03   6.2e+03   5.5e+03    -2e+03  -3.2e+03     3e+03        84   6.5e+03       -73   4.5e+03   4.9e+03  -8.4e+05    -4e+05    -1e+04  -1.1e+04   5.8e+03   3.5e+03   7.9e+03   5.9e+03  -5.9e+03    -2e+04   2.3e+03  -1.3e+04  -1.4e+04
     2e+03   4.1e+03  -6.6e+03  -4.7e+03   3.3e+03   3.6e+03   1.2e+03   5.2e+03   3.5e+03   3.2e+03  -1.6e+02   1.8e+03   3.1e+02   6.7e+02     3e+03   5.4e+03  -9.6e+03  -6.9e+02   4.3e+03  -6.9e+02   6.1e+03     5e+03   4.7e+03   6.3e+03   6.7e+03   5.6e+03   7.1e+03  -5.6e+03   4.9e+03   2.5e+03    -4e+05  -1.3e+06  -1.7e+05  -3.6e+04   5.2e+03   3.8e+03   6.8e+03   1.8e+03  -1.4e+03  -1.4e+04  -1.2e+04  -6.7e+03   1.2e+03
   2.7e+03   4.7e+03  -5.2e+03  -3.5e+02   5.2e+03     6e+03   6.8e+02   6.5e+03   5.9e+03   4.3e+03   2.6e+03   2.3e+03   2.6e+03   1.9e+03   4.4e+03  -2.1e+03   4.8e+03   2.4e+03  -3.2e+02  -4.8e+02     8e+03   2.5e+03       -59   8.3e+03  -2.8e+03   7.8e+03     2e+03   4.2e+03   2.5e+03  -1.7e+02    -1e+04  -1.7e+05  -1.3e+06  -5.4e+04  -6.8e+02  -1.4e+03    -3e+03  -1.2e+03     2e+03  -1.2e+04  -1.6e+04  -4.8e+03  -3.9e+04
   4.8e+03  -2.6e+03   6.1e+03   6.7e+03   6.9e+03     5e+03   9.3e+02   5.4e+03     5e+03   3.4e+03     3e+03  -4.3e+02  -1.3e+03   1.6e+03  -1.3e+03   9.1e+02     5e+03  -7.1e+03   6.6e+02   7.9e+03   7.9e+03   1.4e+03   3.3e+03   5.7e+03  -7.8e+03  -4.7e+02   7.1e+03   7.6e+03   3.6e+03   1.6e+03  -1.1e+04  -3.6e+04  -5.4e+04  -2.5e+06   4.2e+03  -1.6e+03   7.8e+03   8.2e+03    -7e+03     2e+03  -8.4e+03   7.8e+03   7.5e+03
   7.2e+02   1.1e+02  -1.5e+03   8.8e+02   1.1e+03  -1.9e+02   4.1e+02  -1.2e+02  -1.6e+02   1.2e+03     6e+02   1.8e+02  -1.3e+02   4.6e+02   1.9e+02   4.3e+02   5.2e+02   7.1e+02   3.8e+02  -8.4e+02   1.9e+02   1.4e+03  -2.5e+02     2e+03  -8.3e+02  -5.6e+02  -5.4e+02  -8.8e+02  -2.2e+03  -9.8e+03   5.8e+03   5.2e+03  -6.8e+02   4.2e+03  -4.2e+04  -1.2e+03        70   1.2e+03  -1.9e+03  -6.2e+02  -8.7e+02  -9.1e+02   1.2e+03
   1.4e+03   1.2e+03   1.3e+03   2.4e+02   5.4e+02   1.7e+03     5e+02   6.9e+02   5.7e+02   4.6e+02   5.4e+02   4.9e+02   4.1e+02   4.3e+02   3.4e+02   5.1e+02   2.2e+02   1.4e+03   1.3e+03   1.1e+02   1.1e+03   1.2e+03   8.3e+02   2.5e+03   1.4e+03   5.8e+02  -3.1e+02   3.1e+02  -6.2e+02  -8.8e+02   3.5e+03   3.8e+03  -1.4e+03  -1.6e+03  -1.2e+03  -3.8e+04   1.4e+03   7.7e+02    -1e+04  -8.1e+02  -3.2e+03   1.6e+03  -8.7e+02
   1.4e+03   3.3e+02   7.3e+02     1e+03   1.7e+03   2.7e+03   1.1e+03   3.7e+02   5.6e+02   1.1e+03   7.2e+02   3.9e+02   4.9e+02   5.6e+02   2.5e+03   2.4e+03   1.1e+03   7.7e+02   1.3e+03  -1.1e+02    -3e+02   1.8e+03   1.9e+03   2.6e+03   2.4e+03     2e+03   2.5e+03   3.2e+03   8.8e+02  -3.2e+02   7.9e+03   6.8e+03    -3e+03   7.8e+03        70   1.4e+03    -8e+04  -1.7e+04   9.1e+02  -1.9e+03  -2.8e+03   3.8e+03   4.9e+03
   2.2e+03   2.5e+03   9.5e+02   1.6e+03       -95   2.7e+03   5.3e+02   2.2e+03   1.1e+03   1.1e+03   3.1e+02   6.4e+02        31   5.2e+02   2.3e+03   1.6e+03  -2.4e+03   9.5e+02   1.8e+03   2.6e+02  -1.2e+03     7e+02    -2e+03   4.7e+03   1.5e+03   6.7e+02   2.2e+02   1.1e+03   9.7e+02  -4.7e+02   5.9e+03   1.8e+03  -1.2e+03   8.2e+03   1.2e+03   7.7e+02  -1.7e+04  -8.5e+04  -1.8e+03  -8.5e+02  -1.8e+03   1.8e+03   2.3e+03
   1.7e+03   1.5e+02  -2.4e+02        96   1.1e+03   1.9e+03   3.9e+02   1.2e+03   1.2e+03   1.3e+03   1.1e+03   6.6e+02   4.1e+02   7.1e+02   1.1e+03   1.1e+03   3.4e+02   8.6e+02   4.1e+02  -1.3e+03   1.4e+03        60   5.7e+02   2.8e+03  -9.9e+02   3.4e+02   9.5e+02   9.7e+02   2.1e+02  -1.8e+03  -5.9e+03  -1.4e+03     2e+03    -7e+03  -1.9e+03    -1e+04   9.1e+02  -1.8e+03  -4.8e+04  -2.3e+03  -4.5e+03  -1.5e+03  -3.8e+03
   1.2e+03   8.6e+02   1.4e+02   6.1e+02   1.2e+03   1.8e+03     1e+03     1e+03   1.2e+03   1.6e+03     8e+02   1.4e+03   7.3e+02   4.5e+02    -2e+02   1.1e+03  -3.1e+02   7.7e+02     1e+03   1.2e+03   9.7e+02    -7e+02  -3.5e+02        65  -2.8e+02        96   1.8e+03   1.6e+03  -3.4e+02    -1e+03    -2e+04  -1.4e+04  -1.2e+04     2e+03  -6.2e+02  -8.1e+02  -1.9e+03  -8.5e+02  -2.3e+03  -3.9e+04  -1.1e+04  -3.4e+03  -3.1e+03
   1.3e+03   2.4e+03   1.8e+03       -74   1.8e+03   2.4e+03   8.3e+02   2.3e+03   2.1e+03   1.6e+03   1.5e+03   6.7e+02   6.9e+02   8.1e+02   2.3e+03       -57   1.6e+03   3.4e+02   6.8e+02   1.4e+02   1.8e+02   1.2e+02  -1.4e+02   1.6e+03        18   1.1e+03  -9.8e+02   5.5e+02  -3.5e+02  -1.5e+03   2.3e+03  -1.2e+04  -1.6e+04  -8.4e+03  -8.7e+02  -3.2e+03  -2.8e+03  -1.8e+03  -4.5e+03  -1.1e+04    -7e+04   1.4e+03  -1.5e+03
     1e+03        51   1.5e+03   1.5e+02   5.4e+02   5.1e+02  -4.1e+02     5e+02   4.4e+02     1e+03   3.6e+02   8.6e+02   9.4e+02        93   1.2e+03   2.1e+03   3.1e+03   3.2e+02   1.6e+03       -42   8.8e+02   2.4e+03        78   4.2e+03  -1.6e+03  -1.7e+03  -7.6e+02   1.2e+03       -11  -1.8e+03  -1.3e+04  -6.7e+03  -4.8e+03   7.8e+03  -9.1e+02   1.6e+03   3.8e+03   1.8e+03  -1.5e+03  -3.4e+03   1.4e+03  -8.7e+04    -2e+04
   1.1e+03   1.1e+02  -2.1e+02   7.4e+02   1.3e+03  -6.4e+02   6.2e+02  -2.1e+03       -94   1.1e+03   5.3e+02   1.1e+03   5.7e+02   7.5e+02   8.2e+02    -3e+02   1.4e+03   1.7e+03   1.4e+03   3.7e+03   4.7e+03  -1.5e+03   1.2e+03   2.3e+03  -4.7e+02  -8.2e+02  -8.9e+02   1.6e+03   7.4e+02    -8e+02  -1.4e+04   1.2e+03  -3.9e+04   7.5e+03   1.2e+03  -8.7e+02   4.9e+03   2.3e+03  -3.8e+03  -3.1e+03  -1.5e+03    -2e+04  -1.1e+05

 23

((Cyprinus_carpio: 0.025846, (Polymixia_japonica: 0.019273, Tetraodon_nigroviridis: 0.032539): 0.010638): 0.018882, (Protopterus_aethiopicus: 0.107302, (Xenopus_tropicalis: 0.049645, (Struthio_camelus: 0.109509, (Ornithorhynchus_anatinus: 0.057508, Homo_sapiens: 0.114608): 0.080109): 0.016675): 0.010580): 0.006149, (((Plesiobatis_daviesi: 0.035510, (Amblyraja_radiata: 0.003714, Okamejei_kenojei: 0.017066): 0.015290): 0.010461, (Squalus_acanthias: 0.012544, (Heterodontus_francisci: 0.019507, (Scyliorhinus_canicula: 0.012083, Mustelus_manazo: 0.010311): 0.005696): 0.002943): 0.006321): 0.018890, ((Callorhinchus_callorynchus: 0.001060, (Callorhinchus_milii: 0.000689, Callorhinchus_capensis: 0.000689): 0.000662): 0.013894, ((Hariotta_raleighana: 0.008596, Rhinochimaera_pacifica: 0.007162): 0.010949, (Hydrolagus_lemures: 0.008970, (Chimaera_sp: 0.005162, Chimaera_monstrosa: 0.004178): 0.004719): 0.002062): 0.006529): 0.054004): 0.013019);

  0.018882  0.025846  0.010638  0.019273  0.032539  0.006149  0.107302  0.010580  0.049645  0.016675  0.109509  0.080109  0.057508  0.114608  0.013019  0.018890  0.010461  0.035510  0.015290  0.003714  0.017066  0.006321  0.012544  0.002943  0.019507  0.005696  0.012083  0.010311  0.054004  0.013894  0.001060  0.000662  0.000689  0.000689  0.006529  0.010949  0.008596  0.007162  0.002062  0.008970  0.004719  0.005162  0.004178

 -0.006275  0.000000  0.000000  0.000000  0.000000  0.000000  0.000000  0.000000  0.000000  0.000000  0.000000  0.000000  0.000000  0.000000 -0.007142  0.000000  0.000000  0.000000  0.000000  0.000000  0.000000 -0.009815  0.000000 -0.014822  0.000000 -0.006272 -0.007656  0.000000  0.000000  0.000000 -0.328507 -0.838285 -0.744909 -0.855132  0.000000  0.000000  0.000000 -0.010949 -0.042173 -0.009014 -0.015162 -0.033465 -0.044516


Hessian

  -7.9e+04  -4.3e+03  -5.6e+03  -1.6e+03  -5.5e+03  -3.9e+03    -2e+03  -2.5e+03     -0.84   6.6e+02  -8.7e+02   1.8e+03   1.5e+03   1.4e+03    -1e+04  -6.2e+02  -5.6e+03  -1.1e+03  -2.2e+03     7e+03   7.4e+02    -8e+03    -7e+03  -6.5e+03   6.8e+02  -1.3e+04   6.2e+03    -2e+03   1.1e+03   3.7e+03  -3.1e+04   5.2e+03   9.4e+03   1.2e+04   1.9e+03   1.3e+03  -1.2e+03   1.5e+03   9.3e+03   3.3e+03   2.9e+03   8.6e+03   1.1e+04
  -4.3e+03  -7.6e+04  -1.5e+04  -2.7e+03  -5.4e+03   2.4e+03  -4.9e+02   1.6e+02       -17   4.1e+03   9.1e+02   1.2e+03   1.5e+03   1.1e+02  -1.3e+03  -1.7e+03   2.5e+03   1.3e+02  -3.5e+03  -7.3e+03   3.3e+03   3.1e+02  -7.1e+03  -1.4e+04   4.8e+03   5.4e+03   5.8e+03  -2.1e+03  -9.3e+02     1e+03   3.8e+03   7.8e+03   9.9e+03   1.2e+04   1.9e+03    -2e+03   6.1e+03   6.7e+03     1e+04   3.1e+03    -7e+03  -1.9e+03   1.2e+04
  -5.6e+03  -1.5e+04  -1.4e+05  -1.6e+04  -3.7e+03   2.5e+02  -2.7e+03   7.7e+02    -9e+02   2.6e+03   1.7e+03   1.4e+03   1.8e+03   8.7e+02  -8.2e+03  -6.9e+02  -5.1e+03  -2.5e+03    -1e+04  -3.5e+04  -8.6e+02  -8.3e+02   3.2e+03   5.7e+03  -3.3e+03   6.1e+03   1.7e+03    -1e+03  -1.7e+03   6.7e+03   2.7e+03  -7.8e+04   9.8e+03   1.2e+04   7.5e+03  -2.8e+03  -2.8e+03   4.1e+03   7.9e+03   3.1e+03  -8.9e+03   1.1e+04   1.2e+04
  -1.6e+03  -2.7e+03  -1.6e+04    -1e+05    -1e+04  -7.9e+02  -3.6e+02  -7.6e+02   8.7e+02   1.1e+03   1.4e+02   4.6e+02  -7.5e+02   1.4e+03     4e+02   6.8e+02   5.4e+02   1.9e+03  -7.2e+03  -1.6e+04  -2.4e+03  -8.5e+03   5.7e+03  -1.4e+02  -3.8e+03   4.7e+03  -5.6e+03    -2e+04  -4.9e+02  -5.6e+03     3e+03  -7.7e+02   1.1e+04   1.3e+04       -38    -5e+03    -3e+03  -2.1e+04  -1.9e+04   2.8e+03  -5.5e+03   4.4e+02  -7.3e+03
  -5.5e+03  -5.4e+03  -3.7e+03    -1e+04  -6.2e+04  -4.5e+03   2.2e+02  -3.7e+03  -3.3e+03   2.5e+03   2.1e+03   1.8e+03   2.2e+03   1.8e+03   6.3e+02   1.1e+03   5.2e+03   1.5e+03     8e+02   5.5e+03   4.8e+03   6.1e+03   4.2e+03    -1e+04  -2.4e+03  -1.1e+04   8.6e+02   2.9e+02   1.8e+03     9e+02  -1.8e+04   3.6e+03     1e+04   1.2e+04   1.3e+03  -8.8e+02   5.6e+03   7.7e+03     4e+03  -3.5e+03  -8.6e+02   2.9e+03   2.8e+03
  -3.9e+03   2.4e+03   2.5e+02  -7.9e+02  -4.5e+03  -1.3e+05  -3.2e+03  -2.5e+04  -7.4e+03  -4.1e+03  -2.7e+03   5.1e+02  -6.6e+02   3.8e+02  -4.3e+03   9.3e+02   4.6e+03   1.1e+03   4.2e+02   5.1e+03     2e+03   3.2e+03   4.3e+03   6.1e+03  -1.1e+03  -3.7e+03  -3.7e+03  -2.7e+03   7.7e+02    -8e+03   5.6e+03   1.3e+04   9.6e+03   1.3e+04  -5.1e+03     6e+03   7.8e+03   1.5e+03   9.5e+03   4.6e+03   8.8e+03     2e+03   7.9e+03
    -2e+03  -4.9e+02  -2.7e+03  -3.6e+02   2.2e+02  -3.2e+03  -1.3e+04   1.5e+03   1.2e+03  -1.2e+03   1.5e+02   3.8e+02   7.6e+02   8.5e+02     6e+02  -4.6e+02   2.5e+03   2.2e+02  -2.2e+02   3.6e+03   2.3e+03   3.4e+03       -73   9.2e+02   2.1e+03  -3.1e+03   1.4e+03       -74  -1.3e+02   1.9e+03   4.1e+02  -2.8e+03   8.3e+03   8.9e+03   2.3e+03   8.8e+02   4.6e+03  -4.3e+02   1.2e+03     3e+03   1.3e+03   5.6e+02  -2.6e+03
  -2.5e+03   1.6e+02   7.7e+02  -7.6e+02  -3.7e+03  -2.5e+04   1.5e+03  -7.6e+04  -1.1e+04  -6.6e+03    -2e+03  -6.8e+02   5.6e+02   3.4e+02  -1.8e+02   1.5e+03    -8e+03   2.6e+03  -4.9e+03   6.1e+03     5e+03   2.8e+03  -5.8e+02   2.6e+03   6.6e+02  -1.7e+02     4e+03  -5.9e+03  -2.9e+03  -4.8e+03  -9.6e+03   1.4e+04     1e+04   1.2e+04  -2.3e+03   6.8e+03   6.7e+03   5.4e+03   1.1e+04  -1.1e+03   5.6e+03   5.3e+02   7.7e+03
     -0.84       -17    -9e+02   8.7e+02  -3.3e+03  -7.4e+03   1.2e+03  -1.1e+04  -3.1e+04   4.3e+02    -6e+02     1e+03     2e+03   1.1e+03   1.4e+03   1.2e+03   2.8e+03   3.2e+03   4.4e+03   4.1e+03   3.5e+03   1.7e+03  -2.2e+02  -4.2e+03   4.6e+03   4.3e+02  -2.3e+03  -7.8e+02       -17  -1.3e+03   7.9e+03   1.3e+04   9.2e+03   1.1e+04   2.5e+03   3.1e+03   4.7e+03   7.7e+02   8.3e+03   7.3e+02  -4.9e+03    -1e+02   6.1e+03
   6.6e+02   4.1e+03   2.6e+03   1.1e+03   2.5e+03  -4.1e+03  -1.2e+03  -6.6e+03   4.3e+02  -4.2e+04  -4.4e+03  -4.2e+03  -5.9e+02   6.1e+02     7e+02   2.7e+03   8.2e+02  -2.7e+03     3e+03   8.2e+03   4.6e+03   4.1e+03   1.5e+03   6.4e+03   2.9e+03   5.3e+03   2.3e+03   6.9e+02  -1.8e+02  -1.4e+03   5.1e+03     1e+04   8.2e+03   9.5e+03   4.1e+03    -3e+03   5.9e+03  -1.3e+03   2.9e+03   2.2e+03  -4.8e+02     6e+03   2.2e+03
  -8.7e+02   9.1e+02   1.7e+03   1.4e+02   2.1e+03  -2.7e+03   1.5e+02    -2e+03    -6e+02  -4.4e+03  -1.2e+04   1.1e+03     1e+03   6.6e+02   1.5e+03   2.7e+03   3.3e+03   2.3e+02   1.4e+03   3.3e+03   2.8e+03   2.1e+03   6.2e+02   2.3e+03   3.6e+03   3.9e+02   2.7e+03     7e+02   1.5e+03   2.1e+03    -1e+03  -4.5e+03  -7.1e+03   7.6e+03   2.9e+03  -6.4e+02   2.8e+03   7.5e+02  -6.1e+02  -1.3e+03   2.5e+03   1.6e+02   1.2e+03
   1.8e+03   1.2e+03   1.4e+03   4.6e+02   1.8e+03   5.1e+02   3.8e+02  -6.8e+02     1e+03  -4.2e+03   1.1e+03  -1.2e+04  -1.9e+03   6.9e+02   2.7e+02   1.4e+03       -16   6.7e+02   1.5e+03   4.4e+03   2.1e+03   3.4e+03   9.9e+02   3.9e+03     1e+03   2.1e+03  -1.4e+03  -3.1e+02   9.6e+02  -2.3e+02   6.7e+03   7.8e+03   7.4e+03     3e+03   1.5e+03   3.3e+02   2.5e+03   2.6e+03   2.7e+03   2.9e+03   3.9e+03   4.2e+03     5e+03
   1.5e+03   1.5e+03   1.8e+03  -7.5e+02   2.2e+03  -6.6e+02   7.6e+02   5.6e+02     2e+03  -5.9e+02     1e+03  -1.9e+03  -1.8e+04  -1.6e+03   4.3e+02   7.9e+02   2.2e+03   1.2e+03   2.8e+03   4.3e+03   1.9e+03   3.2e+03     1e+03   2.9e+03  -2.1e+02   1.7e+03   1.1e+03  -9.7e+02   1.2e+03  -2.9e+02   8.2e+03  -1.1e+04   8.1e+03  -1.2e+04  -2.8e+03   1.4e+03   5.1e+02     4e+03   9.6e+02   2.5e+03   4.9e+03       -47   9.8e+02
   1.4e+03   1.1e+02   8.7e+02   1.4e+03   1.8e+03   3.8e+02   8.5e+02   3.4e+02   1.1e+03   6.1e+02   6.6e+02   6.9e+02  -1.6e+03  -9.8e+03   9.3e+02   1.5e+03   1.8e+03   1.3e+03   2.8e+02   9.2e+02   9.4e+02   2.8e+03   3.5e+03   3.6e+03   1.6e+03   3.6e+03   2.6e+03   1.3e+02   2.1e+03   1.4e+03   7.1e+03   8.1e+03     7e+03   3.4e+03   2.4e+03  -8.5e+02   2.5e+03   3.3e+03    -1e+04   9.9e+02  -5.7e+02  -3.8e+02  -1.9e+03
    -1e+04  -1.3e+03  -8.2e+03     4e+02   6.3e+02  -4.3e+03     6e+02  -1.8e+02   1.4e+03     7e+02   1.5e+03   2.7e+02   4.3e+02   9.3e+02  -9.4e+04  -1.8e+04  -5.4e+03  -5.5e+03   1.1e+03   4.8e+03   5.3e+03  -4.4e+03   5.7e+02   2.7e+03     6e+03  -1.9e+03  -1.6e+03    -1e+04  -3.3e+03   5.3e+02   5.2e+03   2.7e+03  -7.1e+04   1.1e+04   9.6e+02     3e+03  -1.4e+04  -3.4e+03   1.5e+02   2.7e+03     5e+03   3.6e+03        78
  -6.2e+02  -1.7e+03  -6.9e+02   6.8e+02   1.1e+03   9.3e+02  -4.6e+02   1.5e+03   1.2e+03   2.7e+03   2.7e+03   1.4e+03   7.9e+02   1.5e+03  -1.8e+04    -8e+04   2.2e+03  -1.4e+03   4.6e+02  -1.4e+04   3.3e+03  -9.2e+03        51   4.4e+03   6.4e+03  -2.3e+03  -2.8e+03  -1.2e+04  -3.8e+03  -1.7e+03  -1.8e+03  -1.3e+05  -3.3e+04   1.2e+04  -5.1e+02   7.2e+03   6.5e+03  -6.5e+02    -1e+04  -2.5e+03   9.2e+02   9.8e+03   5.1e+03
  -5.6e+03   2.5e+03  -5.1e+03   5.4e+02   5.2e+03   4.6e+03   2.5e+03    -8e+03   2.8e+03   8.2e+02   3.3e+03       -16   2.2e+03   1.8e+03  -5.4e+03   2.2e+03  -1.6e+05  -3.2e+03  -1.8e+04  -6.2e+02   7.5e+02  -3.8e+04  -3.2e+03  -4.4e+03  -3.2e+03  -1.6e+04  -5.2e+03  -6.4e+03  -3.9e+03   6.1e+03   7.2e+03     1e+04   9.6e+03   1.2e+04   2.5e+02     2e+03   3.4e+03  -2.1e+03   7.8e+03  -1.7e+03  -3.4e+03   2.3e+03     1e+04
  -1.1e+03   1.3e+02  -2.5e+03   1.9e+03   1.5e+03   1.1e+03   2.2e+02   2.6e+03   3.2e+03  -2.7e+03   2.3e+02   6.7e+02   1.2e+03   1.3e+03  -5.5e+03  -1.4e+03  -3.2e+03  -5.8e+04  -5.2e+03   1.1e+03  -1.8e+02  -3.7e+03  -6.3e+02   5.1e+03  -1.5e+03   9.5e+02   2.6e+03  -4.1e+03   1.2e+03   1.8e+03  -2.3e+04   8.3e+03   8.6e+03     1e+04   9.6e+02  -5.4e+03   7.3e+03  -8.2e+02  -1.2e+04  -9.3e+03   4.4e+03   5.6e+03  -2.6e+03
  -2.2e+03  -3.5e+03    -1e+04  -7.2e+03     8e+02   4.2e+02  -2.2e+02  -4.9e+03   4.4e+03     3e+03   1.4e+03   1.5e+03   2.8e+03   2.8e+02   1.1e+03   4.6e+02  -1.8e+04  -5.2e+03  -1.3e+05  -3.4e+04  -3.5e+03  -1.4e+04  -4.1e+03   3.6e+02    -7e+03  -1.3e+03  -1.7e+04  -2.2e+04   3.7e+02    -7e+03    -4e+04   5.7e+03   1.1e+04   1.2e+04  -5.1e+03  -7.2e+03  -1.4e+03  -6.7e+03    -3e+03   1.4e+03   6.5e+03  -3.7e+03   1.2e+04
     7e+03  -7.3e+03  -3.5e+04  -1.6e+04   5.5e+03   5.1e+03   3.6e+03   6.1e+03   4.1e+03   8.2e+03   3.3e+03   4.4e+03   4.3e+03   9.2e+02   4.8e+03  -1.4e+04  -6.2e+02   1.1e+03  -3.4e+04  -4.8e+05  -5.9e+04  -1.8e+04  -1.9e+02  -9.1e+03  -1.5e+04  -1.8e+04  -2.4e+03  -1.4e+04   5.1e+03  -7.9e+03  -8.3e+03  -3.3e+05   9.7e+03   7.2e+03     4e+03   1.1e+04   1.3e+04   1.3e+04    -1e+05  -1.8e+04   1.3e+04  -2.9e+04   8.8e+03
   7.4e+02   3.3e+03  -8.6e+02  -2.4e+03   4.8e+03     2e+03   2.3e+03     5e+03   3.5e+03   4.6e+03   2.8e+03   2.1e+03   1.9e+03   9.4e+02   5.3e+03   3.3e+03   7.5e+02  -1.8e+02  -3.5e+03  -5.9e+04  -1.5e+05  -4.4e+03   4.8e+02  -1.6e+04  -1.4e+04   1.3e+03  -1.7e+03  -9.9e+03   3.7e+02   6.2e+03   6.5e+03   2.7e+03   8.6e+03  -7.5e+04     7e+03   5.1e+03     1e+04     2e+03  -1.5e+03   5.4e+03   3.3e+02   5.7e+03  -1.2e+04
    -8e+03   3.1e+02  -8.3e+02  -8.5e+03   6.1e+03   3.2e+03   3.4e+03   2.8e+03   1.7e+03   4.1e+03   2.1e+03   3.4e+03   3.2e+03   2.8e+03  -4.4e+03  -9.2e+03  -3.8e+04  -3.7e+03  -1.4e+04  -1.8e+04  -4.4e+03  -2.2e+05    -1e+04  -1.2e+04  -1.4e+04  -1.1e+04   2.5e+03  -1.9e+04  -2.3e+03   9.6e+03  -1.3e+04   4.9e+03     1e+04   1.3e+04   8.5e+03   3.5e+03   6.9e+03    -7e+03   8.1e+03   2.4e+03     1e+04   1.1e+04   1.2e+04
    -7e+03  -7.1e+03   3.2e+03   5.7e+03   4.2e+03   4.3e+03       -73  -5.8e+02  -2.2e+02   1.5e+03   6.2e+02   9.9e+02     1e+03   3.5e+03   5.7e+02        51  -3.2e+03  -6.3e+02  -4.1e+03  -1.9e+02   4.8e+02    -1e+04  -1.8e+05  -2.9e+04  -1.6e+04  -2.5e+04  -3.5e+03  -1.1e+03  -3.3e+03   7.9e+02  -6.2e+04   1.1e+04   1.1e+04   1.3e+04  -1.9e+03   7.6e+03   1.4e+03   4.2e+02   1.1e+04   7.7e+03  -1.5e+04  -8.2e+03    -8e+03
  -6.5e+03  -1.4e+04   5.7e+03  -1.4e+02    -1e+04   6.1e+03   9.2e+02   2.6e+03  -4.2e+03   6.4e+03   2.3e+03   3.9e+03   2.9e+03   3.6e+03   2.7e+03   4.4e+03  -4.4e+03   5.1e+03   3.6e+02  -9.1e+03  -1.6e+04  -1.2e+04  -2.9e+04  -5.3e+05    -2e+04  -3.7e+04  -7.8e+03  -2.3e+04   6.2e+03   3.6e+03     3e+02   1.3e+04   1.2e+04   1.3e+04  -7.7e+03   1.1e+04   1.1e+04   3.1e+03     1e+04   1.1e+04  -5.2e+04  -6.7e+03  -2.4e+04
   6.8e+02   4.8e+03  -3.3e+03  -3.8e+03  -2.4e+03  -1.1e+03   2.1e+03   6.6e+02   4.6e+03   2.9e+03   3.6e+03     1e+03  -2.1e+02   1.6e+03     6e+03   6.4e+03  -3.2e+03  -1.5e+03    -7e+03  -1.5e+04  -1.4e+04  -1.4e+04  -1.6e+04    -2e+04  -1.2e+05  -1.8e+04  -1.6e+04    -7e+03   1.2e+03  -8.3e+02   1.2e+04   1.2e+04   1.1e+04  -6.3e+04   1.9e+03   3.3e+03  -5.2e+03     6e+03   7.9e+03  -1.2e+04   8.2e+03  -9.4e+03  -8.6e+03
  -1.3e+04   5.4e+03   6.1e+03   4.7e+03  -1.1e+04  -3.7e+03  -3.1e+03  -1.7e+02   4.3e+02   5.3e+03   3.9e+02   2.1e+03   1.7e+03   3.6e+03  -1.9e+03  -2.3e+03  -1.6e+04   9.5e+02  -1.3e+03  -1.8e+04   1.3e+03  -1.1e+04  -2.5e+04  -3.7e+04  -1.8e+04  -3.3e+05    -8e+03  -1.1e+04    -8e+02  -1.8e+03   1.1e+04   1.1e+04   1.1e+04   1.2e+04  -1.6e+04   1.1e+04   1.1e+04   1.1e+04     7e+03   1.8e+03   1.2e+04    -1e+04  -3.2e+04
   6.2e+03   5.8e+03   1.7e+03  -5.6e+03   8.6e+02  -3.7e+03   1.4e+03     4e+03  -2.3e+03   2.3e+03   2.7e+03  -1.4e+03   1.1e+03   2.6e+03  -1.6e+03  -2.8e+03  -5.2e+03   2.6e+03  -1.7e+04  -2.4e+03  -1.7e+03   2.5e+03  -3.5e+03  -7.8e+03  -1.6e+04    -8e+03    -2e+05  -1.3e+04   1.5e+03   4.6e+03   1.1e+04   1.1e+04   9.9e+03   1.2e+04   8.7e+03   2.1e+03  -3.6e+03  -4.1e+02   7.5e+03   4.4e+03   1.2e+04  -2.3e+04  -1.5e+03
    -2e+03  -2.1e+03    -1e+03    -2e+04   2.9e+02  -2.7e+03       -74  -5.9e+03  -7.8e+02   6.9e+02     7e+02  -3.1e+02  -9.7e+02   1.3e+02    -1e+04  -1.2e+04  -6.4e+03  -4.1e+03  -2.2e+04  -1.4e+04  -9.9e+03  -1.9e+04  -1.1e+03  -2.3e+04    -7e+03  -1.1e+04  -1.3e+04  -2.3e+05    -4e+03   1.2e+03   1.3e+04   1.2e+04   1.2e+04   1.4e+04   6.9e+03   1.2e+03  -8.6e+03  -2.3e+04    -4e+03  -1.1e+04   1.5e+04  -1.4e+04  -1.5e+04
   1.1e+03  -9.3e+02  -1.7e+03  -4.9e+02   1.8e+03   7.7e+02  -1.3e+02  -2.9e+03       -17  -1.8e+02   1.5e+03   9.6e+02   1.2e+03   2.1e+03  -3.3e+03  -3.8e+03  -3.9e+03   1.2e+03   3.7e+02   5.1e+03   3.7e+02  -2.3e+03  -3.3e+03   6.2e+03   1.2e+03    -8e+02   1.5e+03    -4e+03  -3.2e+04   3.5e+02  -4.4e+03     1e+04  -8.6e+03   1.1e+04  -1.9e+03  -6.9e+02   9.3e+02  -1.1e+03   3.6e+03   3.3e+03   1.3e+03   5.4e+02   2.6e+03
   3.7e+03     1e+03   6.7e+03  -5.6e+03     9e+02    -8e+03   1.9e+03  -4.8e+03  -1.3e+03  -1.4e+03   2.1e+03  -2.3e+02  -2.9e+02   1.4e+03   5.3e+02  -1.7e+03   6.1e+03   1.8e+03    -7e+03  -7.9e+03   6.2e+03   9.6e+03   7.9e+02   3.6e+03  -8.3e+02  -1.8e+03   4.6e+03   1.2e+03   3.5e+02  -1.5e+05   7.1e+03   6.2e+03   1.4e+04   1.2e+04  -5.5e+04  -6.4e+03  -8.9e+03  -1.4e+03  -1.1e+04  -2.2e+03  -2.3e+03    -2e+04    -1e+04
  -3.1e+04   3.8e+03   2.7e+03     3e+03  -1.8e+04   5.6e+03   4.1e+02  -9.6e+03   7.9e+03   5.1e+03    -1e+03   6.7e+03   8.2e+03   7.1e+03   5.2e+03  -1.8e+03   7.2e+03  -2.3e+04    -4e+04  -8.3e+03   6.5e+03  -1.3e+04  -6.2e+04     3e+02   1.2e+04   1.1e+04   1.1e+04   1.3e+04  -4.4e+03   7.1e+03  -2.6e+06  -1.4e+05   9.5e+03   7.5e+03   7.4e+03   7.1e+03   7.3e+03   6.8e+03   8.6e+03   8.9e+02   9.5e+03   7.7e+03   9.4e+03
   5.2e+03   7.8e+03  -7.8e+04  -7.7e+02   3.6e+03   1.3e+04  -2.8e+03   1.4e+04   1.3e+04     1e+04  -4.5e+03   7.8e+03  -1.1e+04   8.1e+03   2.7e+03  -1.3e+05     1e+04   8.3e+03   5.7e+03  -3.3e+05   2.7e+03   4.9e+03   1.1e+04   1.3e+04   1.2e+04   1.1e+04   1.1e+04   1.2e+04     1e+04   6.2e+03  -1.4e+05  -4.1e+06  -7.8e+02  -1.9e+03   1.2e+04   1.4e+04   1.4e+04   1.3e+04   1.4e+04  -1.4e+05   1.6e+04   1.4e+04   1.6e+04
   9.4e+03   9.9e+03   9.8e+03   1.1e+04     1e+04   9.6e+03   8.3e+03     1e+04   9.2e+03   8.2e+03  -7.1e+03   7.4e+03   8.1e+03     7e+03  -7.1e+04  -3.3e+04   9.6e+03   8.6e+03   1.1e+04   9.7e+03   8.6e+03     1e+04   1.1e+04   1.2e+04   1.1e+04   1.1e+04   9.9e+03   1.2e+04  -8.6e+03   1.4e+04   9.5e+03  -7.8e+02  -4.2e+06   2.7e+03   1.4e+04   1.3e+04   1.3e+04   1.3e+04   1.5e+04   1.4e+04   1.5e+04   1.4e+04   1.5e+04
   1.2e+04   1.2e+04   1.2e+04   1.3e+04   1.2e+04   1.3e+04   8.9e+03   1.2e+04   1.1e+04   9.5e+03   7.6e+03     3e+03  -1.2e+04   3.4e+03   1.1e+04   1.2e+04   1.2e+04     1e+04   1.2e+04   7.2e+03  -7.5e+04   1.3e+04   1.3e+04   1.3e+04  -6.3e+04   1.2e+04   1.2e+04   1.4e+04   1.1e+04   1.2e+04   7.5e+03  -1.9e+03   2.7e+03  -4.2e+06   1.2e+04   1.1e+04   1.1e+04     1e+04   1.2e+04   1.1e+04   1.3e+04   1.1e+04   1.3e+04
   1.9e+03   1.9e+03   7.5e+03       -38   1.3e+03  -5.1e+03   2.3e+03  -2.3e+03   2.5e+03   4.1e+03   2.9e+03   1.5e+03  -2.8e+03   2.4e+03   9.6e+02  -5.1e+02   2.5e+02   9.6e+02  -5.1e+03     4e+03     7e+03   8.5e+03  -1.9e+03  -7.7e+03   1.9e+03  -1.6e+04   8.7e+03   6.9e+03  -1.9e+03  -5.5e+04   7.4e+03   1.2e+04   1.4e+04   1.2e+04  -2.4e+05  -2.9e+03  -2.7e+03   2.4e+03  -1.4e+04  -7.3e+03  -9.8e+03  -1.8e+04  -3.5e+04
   1.3e+03    -2e+03  -2.8e+03    -5e+03  -8.8e+02     6e+03   8.8e+02   6.8e+03   3.1e+03    -3e+03  -6.4e+02   3.3e+02   1.4e+03  -8.5e+02     3e+03   7.2e+03     2e+03  -5.4e+03  -7.2e+03   1.1e+04   5.1e+03   3.5e+03   7.6e+03   1.1e+04   3.3e+03   1.1e+04   2.1e+03   1.2e+03  -6.9e+02  -6.4e+03   7.1e+03   1.4e+04   1.3e+04   1.1e+04  -2.9e+03  -2.1e+05  -1.1e+04  -1.4e+04  -3.2e+04  -2.1e+04    -2e+04  -2.4e+04   7.1e+03
  -1.2e+03   6.1e+03  -2.8e+03    -3e+03   5.6e+03   7.8e+03   4.6e+03   6.7e+03   4.7e+03   5.9e+03   2.8e+03   2.5e+03   5.1e+02   2.5e+03  -1.4e+04   6.5e+03   3.4e+03   7.3e+03  -1.4e+03   1.3e+04     1e+04   6.9e+03   1.4e+03   1.1e+04  -5.2e+03   1.1e+04  -3.6e+03  -8.6e+03   9.3e+02  -8.9e+03   7.3e+03   1.4e+04   1.3e+04   1.1e+04  -2.7e+03  -1.1e+04  -2.9e+05  -3.8e+04    -2e+03  -1.7e+04   6.9e+03    -2e+04  -1.6e+03
   1.5e+03   6.7e+03   4.1e+03  -2.1e+04   7.7e+03   1.5e+03  -4.3e+02   5.4e+03   7.7e+02  -1.3e+03   7.5e+02   2.6e+03     4e+03   3.3e+03  -3.4e+03  -6.5e+02  -2.1e+03  -8.2e+02  -6.7e+03   1.3e+04     2e+03    -7e+03   4.2e+02   3.1e+03     6e+03   1.1e+04  -4.1e+02  -2.3e+04  -1.1e+03  -1.4e+03   6.8e+03   1.3e+04   1.3e+04     1e+04   2.4e+03  -1.4e+04  -3.8e+04  -3.5e+05   3.5e+03   5.6e+03  -8.5e+03  -4.1e+04     2e+03
   9.3e+03     1e+04   7.9e+03  -1.9e+04     4e+03   9.5e+03   1.2e+03   1.1e+04   8.3e+03   2.9e+03  -6.1e+02   2.7e+03   9.6e+02    -1e+04   1.5e+02    -1e+04   7.8e+03  -1.2e+04    -3e+03    -1e+05  -1.5e+03   8.1e+03   1.1e+04     1e+04   7.9e+03     7e+03   7.5e+03    -4e+03   3.6e+03  -1.1e+04   8.6e+03   1.4e+04   1.5e+04   1.2e+04  -1.4e+04  -3.2e+04    -2e+03   3.5e+03  -8.5e+05  -3.8e+04  -1.4e+04  -2.8e+04  -6.8e+04
   3.3e+03   3.1e+03   3.1e+03   2.8e+03  -3.5e+03   4.6e+03     3e+03  -1.1e+03   7.3e+02   2.2e+03  -1.3e+03   2.9e+03   2.5e+03   9.9e+02   2.7e+03  -2.5e+03  -1.7e+03  -9.3e+03   1.4e+03  -1.8e+04   5.4e+03   2.4e+03   7.7e+03   1.1e+04  -1.2e+04   1.8e+03   4.4e+03  -1.1e+04   3.3e+03  -2.2e+03   8.9e+02  -1.4e+05   1.4e+04   1.1e+04  -7.3e+03  -2.1e+04  -1.7e+04   5.6e+03  -3.8e+04  -2.7e+05    -3e+04  -1.7e+04  -5.7e+04
   2.9e+03    -7e+03  -8.9e+03  -5.5e+03  -8.6e+02   8.8e+03   1.3e+03   5.6e+03  -4.9e+03  -4.8e+02   2.5e+03   3.9e+03   4.9e+03  -5.7e+02     5e+03   9.2e+02  -3.4e+03   4.4e+03   6.5e+03   1.3e+04   3.3e+02     1e+04  -1.5e+04  -5.2e+04   8.2e+03   1.2e+04   1.2e+04   1.5e+04   1.3e+03  -2.3e+03   9.5e+03   1.6e+04   1.5e+04   1.3e+04  -9.8e+03    -2e+04   6.9e+03  -8.5e+03  -1.4e+04    -3e+04    -5e+05  -9.1e+03  -1.6e+04
